56
0.500000 -15.750000 0.000000
-0.500000 -15.750000 0.000000
0.500000 15.750000 0.000000
-0.500000 15.750000 0.000000
2.000000 -15.000000 0.000000
-2.000000 -15.000000 0.000000
2.000000 15.000000 0.000000
-2.000000 15.000000 0.000000
3.500000 -14.250000 0.000000
-3.500000 -14.250000 0.000000
3.500000 14.250000 0.000000
-3.500000 14.250000 0.000000
5.000000 -13.500000 0.000000
-5.000000 -13.500000 0.000000
5.000000 13.500000 0.000000
-5.000000 13.500000 0.000000
6.500000 -12.750000 0.000000
-6.500000 -12.750000 0.000000
6.500000 12.750000 0.000000
-6.500000 12.750000 0.000000
8.000000 -12.000000 0.000000
-8.000000 -12.000000 0.000000
8.000000 12.000000 0.000000
-8.000000 12.000000 0.000000
9.500000 -11.250000 0.000000
-9.500000 -11.250000 0.000000
9.500000 11.250000 0.000000
-9.500000 11.250000 0.000000
11.000000 -10.500000 0.000000
-11.000000 -10.500000 0.000000
11.000000 10.500000 0.000000
-11.000000 10.500000 0.000000
12.500000 -9.750000 0.000000
-12.500000 -9.750000 0.000000
12.500000 9.750000 0.000000
-12.500000 9.750000 0.000000
14.000000 -9.000000 0.000000
-14.000000 -9.000000 0.000000
14.000000 9.000000 0.000000
-14.000000 9.000000 0.000000
15.500000 -8.250000 0.000000
-15.500000 -8.250000 0.000000
15.500000 8.250000 0.000000
-15.500000 8.250000 0.000000
17.000000 -7.500000 0.000000
-17.000000 -7.500000 0.000000
17.000000 7.500000 0.000000
-17.000000 7.500000 0.000000
18.500000 -6.750000 0.000000
-18.500000 -6.750000 0.000000
18.500000 6.750000 0.000000
-18.500000 6.750000 0.000000
20.000000 -6.000000 0.000000
-20.000000 -6.000000 0.000000
20.000000 6.000000 0.000000
-20.000000 6.000000 0.000000
FIN_LISTE
127
0.100000 4.000000 -8.000000 4.000000
0.100000 0.300000 0.500000 -13.750000
0.100000 0.300000 -0.500000 -13.750000
0.100000 0.300000 0.500000 13.750000
0.100000 0.300000 -0.500000 13.750000
0.100000 0.300000 3.500000 -12.250000
0.100000 0.300000 -3.500000 -12.250000
0.100000 0.300000 3.500000 12.250000
0.100000 0.300000 -3.500000 12.250000
0.100000 0.300000 6.500000 -10.750000
0.100000 0.300000 -6.500000 -10.750000
0.100000 0.300000 6.500000 10.750000
0.100000 0.300000 -6.500000 10.750000
0.100000 0.300000 9.500000 -9.250000
0.100000 0.300000 -9.500000 -9.250000
0.100000 0.300000 9.500000 9.250000
0.100000 0.300000 -9.500000 9.250000
0.100000 0.300000 12.500000 -7.750000
0.100000 0.300000 -12.500000 -7.750000
0.100000 0.300000 12.500000 7.750000
0.100000 0.300000 -12.500000 7.750000
0.100000 0.300000 15.500000 -6.250000
0.100000 0.300000 -15.500000 -6.250000
0.100000 0.300000 15.500000 6.250000
0.100000 0.300000 -15.500000 6.250000
0.100000 0.300000 18.500000 -4.750000
0.100000 0.300000 -18.500000 -4.750000
0.100000 0.300000 18.500000 4.750000
0.100000 0.300000 -18.500000 4.750000
0.025000 1.656800 -1.656800 -1.656800
0.025000 1.656800 17.656800 -1.656800
0.025000 1.656800 1.656800 9.656800
0.025000 1.656800 -1.656800 9.656800
0.025000 1.656800 -1.656800 6.343200
0.025000 1.656800 1.656800 6.343200
0.025000 1.656800 1.656800 -9.656800
0.025000 1.656800 6.343200 5.656800
0.025000 0.686247 2.343047 2.343047
0.025000 0.686247 0.970553 2.343047
0.025000 0.686247 0.970553 0.970553
0.025000 0.686247 2.343047 0.970553
0.025000 0.686247 -0.970553 2.343047
0.025000 0.686247 -2.343047 2.343047
0.025000 0.686247 -2.343047 0.970553
0.025000 0.686247 -0.970553 0.970553
0.025000 0.686247 2.343047 -0.970553
0.025000 0.686247 0.970553 -0.970553
0.025000 0.686247 0.970553 -2.343047
0.025000 0.686247 2.343047 -2.343047
0.025000 0.686247 18.343047 2.343047
0.025000 0.686247 16.970553 2.343047
0.025000 0.686247 16.970553 0.970553
0.025000 0.686247 18.343047 0.970553
0.025000 0.686247 2.343047 -5.656953
0.025000 0.686247 0.970553 -5.656953
0.025000 0.686247 0.970553 -7.029447
0.025000 0.686247 2.343047 -7.029447
0.025000 0.686247 -0.970553 -5.656953
0.025000 0.686247 -2.343047 -5.656953
0.025000 0.686247 -2.343047 -7.029447
0.025000 0.686247 -0.970553 -7.029447
0.025000 0.686247 -0.970553 -8.970553
0.025000 0.686247 -2.343047 -8.970553
0.025000 0.686247 -2.343047 -10.343047
0.025000 0.686247 -0.970553 -10.343047
0.025000 0.686247 7.029447 -1.656953
0.025000 0.686247 5.656953 -1.656953
0.025000 0.686247 5.656953 -3.029447
0.025000 0.686247 7.029447 -3.029447
0.025000 0.686247 10.343047 -4.970553
0.025000 0.686247 8.970553 -4.970553
0.025000 0.686247 8.970553 -6.343047
0.025000 0.686247 10.343047 -6.343047
0.025000 0.686247 -8.970553 -1.656953
0.025000 0.686247 -10.343047 -1.656953
0.025000 0.686247 -10.343047 -3.029447
0.025000 0.686247 -8.970553 -3.029447
0.025000 0.686247 -8.970553 -4.970553
0.025000 0.686247 -10.343047 -4.970553
0.025000 0.686247 -10.343047 -6.343047
0.025000 0.686247 -8.970553 -6.343047
0.025000 0.686247 -5.656953 -4.970553
0.025000 0.686247 -7.029447 -4.970553
0.025000 0.686247 -7.029447 -6.343047
0.025000 0.686247 -5.656953 -6.343047
0.025000 1.656800 -17.656800 1.656800
0.025000 1.656800 -17.656800 -1.656800
0.006250 0.686247 15.029447 2.343047
0.006250 0.686247 13.656953 2.343047
0.006250 0.686247 13.656953 0.970553
0.006250 0.686247 15.029447 0.970553
0.006250 0.686247 15.029447 -0.970553
0.006250 0.686247 13.656953 -0.970553
0.006250 0.686247 13.656953 -2.343047
0.006250 0.686247 15.029447 -2.343047
0.006250 0.686247 10.343047 6.343047
0.006250 0.686247 8.970553 6.343047
0.006250 0.686247 8.970553 4.970553
0.006250 0.686247 10.343047 4.970553
0.006250 0.686247 7.029447 3.029447
0.006250 0.686247 5.656953 3.029447
0.006250 0.686247 5.656953 1.656953
0.006250 0.686247 7.029447 1.656953
0.006250 0.686247 10.343047 3.029447
0.006250 0.686247 8.970553 3.029447
0.006250 0.686247 8.970553 1.656953
0.006250 0.686247 10.343047 1.656953
0.006250 0.686247 10.343047 -1.656953
0.006250 0.686247 8.970553 -1.656953
0.006250 0.686247 8.970553 -3.029447
0.006250 0.686247 10.343047 -3.029447
0.006250 0.686247 7.029447 -4.970553
0.006250 0.686247 5.656953 -4.970553
0.006250 0.686247 5.656953 -6.343047
0.006250 0.686247 7.029447 -6.343047
0.006250 0.686247 -5.656953 -1.656953
0.006250 0.686247 -7.029447 -1.656953
0.006250 0.686247 -7.029447 -3.029447
0.006250 0.686247 -5.656953 -3.029447
0.025000 0.686247 -13.656953 2.343047
0.025000 0.686247 -15.029447 2.343047
0.025000 0.686247 -15.029447 0.970553
0.025000 0.686247 -13.656953 0.970553
0.025000 0.686247 -13.656953 -0.970553
0.025000 0.686247 -15.029447 -0.970553
0.025000 0.686247 -15.029447 -2.343047
0.025000 0.686247 -13.656953 -2.343047
FIN_LISTE
